kappa =  5 
n1 =  1000 
n2 =  1000 
alpha =  0.5 
gamma =  0.05 
B =  100 
power =  0.61time elapsed =  4.735943Time difference of 4.735943 mins
