kappa =  5 
n1 =  1000 
n2 =  1000 
alpha =  0.5 
gamma =  0.05 
B =  100 
power =  0.61time elapsed =  6.561158Time difference of 6.561158 mins
